<?xml version="1.0"?>
<opencv_storage>
<facedb type_id="opencv-pvl-face-recognition-data">
  <faces>
    <_>
      <faceid_high>0</faceid_high>
      <faceid_low>2</faceid_low>
      <personid>1</personid>
      <data>
        11 249 180 253 35 16 189 246 73 2 70 8 200 252 87 255 141 252 83
        5 206 0 17 11 49 252 104 1 163 252 1 254 81 9 115 255 22 5 49
        253 112 253 249 2 5 1 229 14 28 254 187 9 242 6 29 3 254 250 183
        250 196 4 103 5 201 0 128 7 161 6 39 255 222 255 101 10 51 252
        13 251 80 255 234 249 171 4 127 250 160 246 234 255 252 2 82 250
        165 253 238 3 121 1 2 255 217 1 248 1 52 0 218 254 220 254 140
        253 195 255 232 1 141 5 226 251 100 255 58 6 99 3 68 243 150 252
        221 3 118 2 206 252 244 3 196 2 147 3 30 254 73 255 194 7 186
        253 183 4 132 0 216 1 63 1 60 6 122 2 126 6 208 4 223 3 219 253
        202 2 148 252 46 1 207 255 183 4 69 253 106 255 228 253 124 252
        199 4 106 255 125 5 89 253 5 1 101 1 82 251 58 253 126 0 183 253
        19 252 114 0 193 253 179 252 204 2 124 0 6 255 210 5 3 3 162 254
        57 253 71 3 198 251 248 254 144 3 112 2 99 252 138 4 147 251 232
        10 4 252 237 253 86 1 218 255 104 0 3 0 196 244 33 1 45 255 144
        4 179 255 191 7 162 2 208 0 9 254 60 255 75 255 19 254 92 253
        203 254 85 251 170 3 140 1 167 255 120 0 255 255 19 248 208 4
        232 2 188 4 53 251 95 2 248 255 58 3 241 255 190 1 101 248 152
        252 101 255 105 254 79 13 238 3 2 253 36 0 96 253 12 0 44 255
        213 248 2 255 183 248 122 253 219 3 131 0 81 252 198 1 236 249
        229 255 241 250 139 1 191 3 99 3 54 250 60 252 10 2 228 2 190 5
        55 3 101 251 226 250 248 249 149 255 164 7 228 3 159 0 163 0 39
        1 34 3 216 252 156 3 85 253 208 254 5 251 166 2 168 8 111 252
        153 252 17 255 249 1 197 2 51 5 119 4 209 252 49 252 237 2 81
        254 236 255 190 253 170 255 203 2 133 253 108 1 88 5 93 255 34
        251 146 10 35 3 36 252 171 255 132 253 70 0 77 1 166 4 208 1 111
        1 49 254 68 255 209 250 9 252 15 2 86 2 109 248 127 249 212 2
        167 254 107 8 179 253 205 255 58 5 236 253 208 253 239 2 92 2 23
        255 151 254 47 15 18 255 162 255 239 2 202 1 113 0 206 255 126 0
        228 253 54 255 123 250 56 0 232 2 70 4 168 4 233 5 188 252 237 4
        28 4 79 255 192 251 89 255 196 250 93 1 190 0 148 250 195 255
        128 255 130 255 217 254 47 0 37 254 5 254 174 6 228 1 136 1 41 0
        116 254 184 250 0 252 203 255 132 10 207 2 117 255 16 0 15 255
        241 1 187 2 123 5 134 252 79 0 40 253 180 253 158 250 39 1 24
        253 51 250 247 254 175 1 248 255 175 0 188 255 74 2 14 255 96 7
        182 1 200 255 94 250 117 4 124 255 141 0 225 3 64 255 42 1 140
        253 212 249 200 253 143 3 237 252 149 255 55 252 32 1 72 0 31
        251 220 0 38 2 33 254 245 7 58 253 106 3 111 254 251 253 25 2
        240 250 86 0 220 5 90 6 183 253 19 0 153 4 50 3 154 1 253 253
        250 2 254 248 246 255 215 2 210 250 57 4 77 0 80 6 117 1 113 253
        134 255 57 0 189 251 195 3 211 253 169 1 123 254 113 2 169 253
        150 252 84 255 172 253 201 251 171 253 210 3 201 0 243 1 217 252
        214 250 32 6 240 2 20 0 36 251 82 254 3 0 54 254 156 1 79 253
        224 255 239 1 70 252 220 253 3 254 17 254 199 4 44 3 23 2 34 255
        12 251 121 15 240 4 152 2 171 1 199 0 148 253 149 253 115 252
        113 254 193 253 149 0 134 2 9 5 140 0 229 251 218 0 8 3 40 252
        234 253 12 254 145 250 26 1 145 255 190 3 89 0 92 2 190 255 255
        2 154 255 77 0 220 1 164 8 48 1 43 252 16 3 159 255 4 2 41 254
        198 3 134 252 236 0 188 1 107 0 97 254 60 253 80 2 77 255 167
        251 205 254 17 253 25 250 27 0 134 251 58 4 125 6 212 2 190 3 52
        0 115 1 124 253 18 253 164 253 232 1 96 1 195 254 35 0 193 0 16
        0 161 0 36 2 8 1 24 0 167 253 118 254 24 253 112 254 124 252 174
        253 55 255 154 255 238 0 134 255 106 3 172 1 148 253 135 252 102
        1 187 252 103 1 212 253 75 254 158 1 229 2 60 0 242 0 200 252 2
        254 122 255 121 3 192 5 147 250 30 1 108 5 209 2 26 254 115 253
        56 0 241 0 101 0 204 247 150 252 8 0 25 251 169 1 117 255 86 254
        27 2 136 2 229 253 222 9 15 254 6 3 17 1 232 1 66 2 221 254 135
        0 196 253 167 253 173 254 121 251 147 0 229 254 148 255 246 3
        160 254 247 254 28 254 49 251 238 252 22 1 242 253 42 1 201 1 18
        253 236 255 38 253 75 4 226 1 85 255 204 0 240 0 221 255 148 1
        82 255 176 255 42 6 22 0 154 254 36 2 5 253 7 6 185 253 223 0 33
        0 35 254 77 2 47 0 170 0 231 252 192 249 182 250 158 1 161 252
        11 1 158 254 170 250 94 1 134 1 43 255 34 253 103 255 8 254 255
        0 40 0 27 1 116 2 160 2 169 1 27 1 57 250 159 252 175 254 252
        254 177 254 5 1 12 4 25 254 143 255 195 0 92 253 104 255 161 3
        146 255 9 1 137 1 232 0 243 252 194 0 43 0 39 3 1 3 64 253 221 2
        188 3 186 253 86 255 30 1 164 255 4 4 5 1 83 254 94 251 161 254
        119 254 218 255 160 253 115 255 185 254 92 252 194 1 44 253 41 0
        39 1 218 1 132 253 178 5 38 255 20 1 102 0 221 253 244 253 69
        254 76 251 162 0 15 3 62 252 127 253 6 0 243 0 212 254 143 2 12
        2 64 255 163 3 21 1 243 255 175 0 81 255 127 1 114 254 49 5 116
        4 96 0 161 2 117 252 114 4 66 4 90 254 243 255 5 2 3 252 246 0
        72 1 120 0 247 252 28 1 112 2 10 1 247 1 62 1 20 254 65 1 141 0
        172 255 224 255 72 255 233 250 167 4 131 255 116 254 37 4 79 0
        120 255 136 253 5 3 127 254 148 254 162 254 104 2 33 2 197 1 29
        0 78 2 240 252 141 0 193 252 124 253 61 255 231 0 71 3 13 252
        154 254 239 2 186 3 63 255 135 254 233 254 32 1 76 1 65 0 3 255
        6 2 116 255 165 254 8 254 202 2 4 0 86 2 40 255 191 254 101 252
        146 1 165 255 95 251 188 255 160 254 119 2 196 254 148 0 69 0
        115 254 57 254 149 0 6 254 48 0 198 253 137 254 34 254 25 3 25 1
        217 1 144 254 237 253 136 254 94 253 15 255 159 255 105 251 79 1
        10 254 97 3 243 255 191 0 147 253 143 0 52 254 214 255 123 255
        212 255 46 1 45 0 72 253 126 2 75 0 50 253 49 1 70 251 232 254
        147 0 148 255 124 1 121 255 251 254 117 255 95 0 179 0 124 1 11
        2 128 0 100 254 124 1 160 254 7 1 166 0 191 0 11 4 11 0 180 0
        251 255 78 0 27 253 211 0 172 1 192 1 15 2 196 0 86 4 202 1 33 0
        6 5 238 0 203 252 247 255 24 252 159 255 10 254 251 0 253 0 86
        252 180 255 115 2 237 252 136 254 26 254 159 253 15 1 158 252 48
        0 20 255 224 1 125 4 92 255 1 255 30 1 9 255 232 254 98 253 244
        255 72 2 186 253 48 255 35 0 180 254 191 1 15 1 54 0 254 254 105
        255 10 253 48 1 182 0 77 0 230 0 174 254 84 0 76 254 119 254 185
        3 240 0 154 255 119 3 133 0 62 255 81 255 70 255 83 255 175 0
        101 4 26 3 40 255 50 0 182 255 165 255 156 1 134 255 243 255 139
        0 88 2 213 0 150 255 108 255 50 0 119 0 199 255 112 0 240 0 130
        2 108 0 89 255 53 0 182 255 30 1 163 2 173 0 220 1 160 1 2 1 93
        0 222 254 198 0 218 253 184 0 74 0 153 253 217 255 190 255 146
        255 64 0 148 255 39 0 168 255 246 0 16 3 71 1 184 0 110 254 59 2
        219 0 195 254 195 253 124 254 198 255 190 0 145 254 164 255 71 0
        225 2 64 1 2 0 226 0 56 0 122 255 17 0 149 255 56 255 156 0 255
        254 151 0 111 254 163 0 83 1 149 255 99 255 209 254 97 0 12 1 87
        0 107 0 109 255 229 1 160 255 11 254 136 0 186 1 78 0 203 0 65
        255 41 1 33 255 213 0 111 255 146 0 240 1 12 0 59 0 237 255 146
        0 57 0 133 255 78 255 158 253 236 254 76 0 38 255 85 0 200 0 226
        254 141 255 139 255 113 0 168 1 195 0 183 255 75 0 210 255 151
        255 142 255 182 0 96 255 22 255 31 0 56 255 116 0 177 0 10 0 234
        255 7 0 50 1 60 0 131 255 5 0 43 0 81 0 2 0 162 255 169 0 229
        255 99 255 55 255 146 255 58 255 125 0 154 255 172 0 244 255 56
        0 234 255 235 0 151 0 151 0 69 255 30 0 64 0 34 255 67 0 31 0 4
        0 245 255 86 0 77 0 213 0 50 0 127 255 121 0 243 0 141 0 201 255
