<?xml version="1.0"?>
<opencv_storage>
<facedb type_id="opencv-pvl-face-recognition-data">
  <faces>
    <_>
      <faceid_high>0</faceid_high>
      <faceid_low>3</faceid_low>
      <personid>1</personid>
      <data>
        149 244 79 255 186 10 238 247 185 3 199 12 35 252 218 4 191 3
        105 2 83 255 22 8 18 252 168 252 88 246 74 255 187 2 43 255 9 2
        88 251 143 249 176 0 86 255 75 7 145 252 65 9 98 2 1 5 152 253
        89 252 155 5 11 6 160 3 74 3 146 2 32 8 135 251 138 10 81 252
        115 251 33 3 120 254 5 4 43 251 196 249 158 254 207 3 216 254 66
        3 184 2 150 2 189 2 227 254 196 253 235 3 48 250 117 7 205 255
        65 1 243 255 63 2 124 253 14 251 160 3 141 255 4 246 152 254 114
        255 167 3 163 251 230 8 73 4 177 1 60 246 255 1 104 9 73 6 9 251
        79 1 74 2 23 4 120 4 32 0 148 3 32 1 169 1 49 252 244 0 196 252
        238 249 147 250 134 1 85 255 158 255 64 0 143 253 134 255 221 1
        12 1 101 2 233 1 38 0 131 0 237 247 0 253 201 253 58 250 248 0
        156 252 7 1 188 5 248 3 203 249 105 254 146 3 240 254 115 2 0 1
        21 251 250 252 148 3 98 253 56 253 147 4 12 255 236 7 191 253
        125 7 63 250 195 254 82 4 93 253 199 248 206 255 241 1 192 3 255
        2 31 3 21 1 120 253 190 252 161 3 71 1 169 255 251 248 46 2 114
        0 173 6 9 0 49 1 113 1 160 4 196 248 130 1 186 1 76 7 135 250
        215 250 198 251 3 254 200 255 205 4 255 253 185 255 249 254 158
        0 15 11 54 5 206 1 56 249 137 253 228 250 104 250 17 251 254 254
        69 250 123 1 197 0 228 255 143 249 22 253 183 249 75 0 221 251
        145 255 149 252 8 3 1 255 228 253 54 0 157 3 34 7 185 5 45 248 4
        248 243 254 188 1 217 4 188 7 252 253 30 1 47 4 24 3 212 1 235 0
        251 251 218 253 165 252 235 3 247 3 178 254 58 251 80 2 37 253
        158 4 39 5 9 4 193 1 214 1 37 3 48 2 63 254 58 2 131 250 210 250
        44 1 209 0 218 1 226 253 164 255 121 4 251 255 86 249 202 251
        170 252 34 3 141 248 105 4 169 1 81 2 232 3 213 253 125 247 55
        249 238 3 10 7 239 248 31 246 68 1 160 255 99 3 172 3 152 0 103
        0 230 253 167 251 15 2 212 254 7 254 101 251 9 11 13 253 93 1 24
        3 36 0 219 251 166 2 66 1 93 252 83 0 29 3 46 0 13 3 24 7 34 254
        238 2 217 249 203 8 148 8 29 0 207 250 28 254 222 251 22 4 253 3
        33 253 148 255 45 249 32 0 58 254 141 0 133 254 138 254 115 255
        61 254 227 251 176 251 104 253 42 0 140 249 175 252 7 6 95 255
        223 253 171 255 8 0 102 252 96 3 202 1 212 0 220 252 7 255 23 3
        242 255 16 253 161 254 181 252 184 252 137 3 223 254 183 2 51
        250 240 0 125 252 196 7 212 2 142 4 15 249 254 253 119 6 136 254
        186 255 39 4 94 0 38 254 231 249 86 249 167 4 205 248 11 253 234
        247 243 254 224 251 188 250 16 0 34 3 112 1 101 3 242 252 16 1
        59 255 136 1 129 255 10 251 108 255 24 1 231 1 146 2 131 3 30 2
        211 252 237 2 78 253 235 254 114 250 17 0 115 1 66 251 0 5 91
        254 110 1 252 254 27 251 141 252 83 2 215 254 128 1 166 255 21
        253 209 253 242 3 143 250 9 1 37 254 158 254 161 250 126 254 127
        5 144 0 216 0 16 0 199 255 175 3 54 4 186 3 53 251 203 252 228 2
        55 0 16 1 230 2 123 3 14 4 17 249 170 254 179 8 122 252 36 253
        248 4 194 1 162 254 107 253 75 13 251 1 182 0 230 255 157 0 231
        251 53 0 10 251 13 255 13 0 61 254 245 248 199 2 105 248 75 250
        83 2 122 2 55 253 244 253 121 254 228 255 1 3 140 2 50 255 133 3
        233 2 96 0 106 0 188 253 11 1 130 1 102 6 22 4 42 253 128 255
        243 254 13 0 95 6 253 3 12 254 7 1 170 1 173 255 93 0 186 0 19
        254 129 255 5 254 4 4 191 250 191 255 8 3 79 255 151 254 239 2
        222 6 150 254 173 252 150 4 217 254 199 4 240 252 127 4 62 0 71
        4 84 254 161 2 186 0 159 2 184 255 182 1 115 254 105 2 9 252 205
        253 161 249 128 253 112 255 65 0 41 252 46 0 119 254 112 255 3
        254 249 253 171 254 210 254 12 253 32 253 53 253 93 1 44 254 236
        254 156 1 21 2 181 253 62 254 154 3 123 1 249 7 93 2 28 2 126 2
        151 0 38 253 84 2 163 247 199 255 66 253 87 249 187 253 216 2
        148 253 151 255 66 3 223 3 65 254 54 254 30 254 147 3 174 0 25
        255 58 254 235 8 92 253 184 255 170 255 44 252 206 249 249 1 52
        1 147 1 233 2 28 253 57 255 73 255 176 255 159 0 157 253 245 254
        166 1 147 5 83 255 227 3 145 254 91 255 157 255 187 4 128 2 134
        254 6 255 216 1 68 254 70 255 221 2 12 255 152 4 155 254 53 2
        156 3 135 252 128 6 26 0 233 1 115 1 214 251 165 255 243 3 137 2
        83 251 61 253 131 252 158 0 198 255 200 1 217 253 2 253 234 5 13
        253 113 255 122 1 29 0 96 251 195 255 93 2 65 0 97 254 157 0 233
        1 36 4 16 2 124 253 153 0 81 253 125 0 114 2 166 0 153 0 128 254
        113 255 82 0 240 250 29 255 78 253 93 4 207 0 67 255 143 253 48
        3 12 252 178 2 8 1 26 0 38 1 147 5 121 2 41 255 74 2 76 254 177
        253 225 255 112 1 96 2 149 255 175 251 93 254 65 1 175 0 225 253
        175 255 4 2 114 255 19 0 182 0 20 3 57 255 237 0 134 2 42 255
        147 254 32 254 94 255 97 0 219 247 116 254 80 2 144 253 170 252
        180 254 194 1 225 3 248 254 110 0 22 0 43 2 249 255 62 255 239 0
        165 2 28 255 1 252 178 5 54 254 73 1 63 1 179 255 26 4 189 1 84
        0 182 2 102 2 58 253 232 254 67 1 130 1 170 254 188 255 198 0
        130 3 254 0 12 1 27 1 31 2 66 1 81 1 27 253 181 251 47 249 47 0
        7 1 163 254 155 3 240 252 104 255 80 255 154 4 152 253 210 1 204
        255 245 254 254 0 132 4 213 255 66 1 243 252 60 2 37 250 55 0 54
        254 170 254 254 1 214 252 215 252 93 1 179 0 243 255 5 255 181
        253 133 253 107 255 107 0 236 0 221 254 63 0 23 254 136 0 31 0
        252 2 10 1 125 255 48 0 166 252 10 253 145 0 67 255 157 2 129
        253 25 2 45 255 214 252 236 2 156 254 84 255 156 4 158 253 127 0
        101 253 95 254 229 254 255 255 154 254 246 254 228 253 87 254
        135 254 242 254 231 1 78 0 231 255 131 254 128 253 110 2 83 0 31
        4 227 252 176 255 193 255 200 0 128 255 204 2 23 3 6 254 88 255
        72 3 118 1 182 255 205 254 233 254 147 254 32 0 207 0 74 3 92
        255 236 2 172 255 50 1 68 2 49 0 39 4 71 2 132 0 166 0 61 254 12
        254 33 0 227 1 162 6 92 0 122 0 228 250 14 3 31 255 209 254 173
        254 235 0 175 1 195 0 222 1 16 0 147 1 148 2 126 1 211 252 132
        254 59 254 200 255 29 250 253 255 113 255 135 0 47 2 92 1 156
        255 55 0 240 255 204 0 133 0 48 255 252 0 87 254 126 1 140 3 148
        1 87 253 18 0 165 255 167 254 207 255 97 253 134 0 177 0 106 255
        108 0 189 254 20 2 144 254 41 0 183 255 64 255 80 254 178 254
        152 1 93 3 234 255 247 253 67 254 38 255 219 254 182 1 250 255
        145 254 3 1 178 1 153 255 10 0 22 1 68 1 162 254 68 2 116 1 100
        0 78 255 232 1 91 254 133 0 189 255 36 0 84 254 88 1 155 255 182
        0 167 254 152 1 210 0 18 254 192 255 161 0 220 255 156 1 161 254
        56 1 203 255 165 0 234 3 219 254 205 255 133 0 37 255 31 0 153
        255 17 1 64 255 42 254 61 255 4 255 71 254 195 252 58 254 108 1
        48 255 163 0 244 255 122 254 204 0 155 1 115 1 73 254 101 0 166
        255 215 254 249 255 165 254 226 255 22 1 234 254 217 252 174 0
        156 1 41 1 166 254 127 255 207 255 92 0 169 255 232 0 90 254 82
        255 180 254 126 255 5 255 7 0 125 0 208 255 63 0 155 254 153 0
        37 0 149 1 218 0 176 255 150 0 121 0 117 254 1 2 43 1 131 255 95
        0 129 0 66 1 141 255 241 255 248 254 36 0 185 255 47 0 198 0 149
        254 184 0 222 0 85 255 51 1 76 254 106 254 250 255 66 0 79 255
        98 0 204 254 179 255 46 255 219 255 44 0 34 255 130 0 17 0 90
        255 150 255 16 1 124 0 12 0 70 0 28 0 116 0 71 1 206 0 134 0 8 0
        87 0 19 0 133 255 111 255 84 0 38 0 122 0 52 0 51 255 193 255
        223 255 225 255 196 0 53 255 205 255 33 0 223 255 220 255 180
        255 34 0 121 255 208 0 186 255 66 0 89 255 96 255 66 0 57 255 14
        0 174 255 57 0 151 255 161 255 109 0 86 0 255 255 247 255 121
